    NC
1.00000
0.65201
0.60936
0.61143
0.99938
0.68381
0.62412
0.63181
0.99789
0.69239
0.65890
0.64289
0.99679
0.66912
0.59730
0.68089
1.00000
0.57302
0.58811
0.65231
0.71921
0.65698
0.61112
0.65226
0.83455
0.57580
0.62999
0.65222
0.77364
0.62232
0.60948
1.00000
0.53053
0.61039
0.65156
0.68807
0.64416
0.60847
0.59287
0.65742
0.68880
0.60824
0.65054
0.62065
0.67451
1.00000
0.61371
0.60698
0.62828
0.78389
0.61576
0.59344
0.65852
0.68360
0.61657
0.61262
0.61720
0.68440
1.00000
0.68384
0.62243
0.63432
0.99923
0.69176
0.65753
0.64388
0.99829
0.66990
0.59594
0.68138
1.00000
0.57629
0.61913
0.68531
0.70857
0.61689
0.58881
0.68590
0.82126
0.55047
0.61791
1.00000
0.53150
0.62092
0.64058
0.61139
0.65785
0.61956
0.58911
0.66886
0.69879
1.00000
0.63572
0.59149
0.66481
0.76206
0.63674
0.66010
0.65804
0.67093
1.00000
0.69042
0.65620
0.64359
0.99960
0.66930
0.59513
0.68019
1.00000
0.51745
0.60650
0.68828
0.68724
0.62593
0.63185
1.00000
0.55489
0.65577
0.64244
0.69126
0.61270
1.00000
0.64373
0.63436
0.63789
0.78787
1.00000
0.66808
0.59470
0.67810
1.00000
0.54390
0.60624
1.00000
0.55083
1.00000
    NC
5.01000
9.01000
13.01000
3.03000
5.05000
9.05000
13.05000
6.06000
9.09000
13.09000
10.10000
11.11000
12.12000
